%YAML:1.0
image_width: 2592
image_height: 1944
camera_matrix: !!opencv-matrix
   rows: 3
   cols: 3
   dt: d
   data: [ 1.5307617244809107e+03, 0., 1.2596149562437888e+03, 0.,
       1.5273341874742837e+03, 8.6810845573793347e+02, 0., 0., 1. ]
distortion_coefficients: !!opencv-matrix
   rows: 1
   cols: 5
   dt: d
   data: [ -3.5102601175905412e-01, 1.7136674405839683e-01,
       2.7615778735493783e-05, 2.6647007080607426e-05,
       -4.9129387736598973e-02 ]
